8252599445
8252599401
8252599407
8252599412
8252599418
8252599423
8252599429
8252599434
8252599440
8252599446
8252599451
8252599457
8252599462
8252599468
8252599473
8252599479
8252599484
8252599490
8252599496
8252599502
8252599508
8252599513
8252599519
8252599524
8252599530
8252599536
8252599541
8252599547
8252599552
8252599558
8252599563
8252599569
8252599575
8252599580
8252599586
8252599591
8252599597
8252599603
8252599609
8252599614
8252599620
8252599626
8252599631
8252599637
8252599642
8252599648
8252599654
8252599659
8252599665
8252599670
8252599676
8252599682
8252599687
8252599693
8252599698
8252599704
8252599710
8252599715
8252599721
8252599727
8252599732
8252599738
8252599743
8252599749
8252599755
8252599760
8252599766
8252599771
8252599777
8252599783
8252599788
8252599794
8252599799
8252599805
8252599811
8252599816
8252599822
8252599828
8252599833
8252599839
8252599844
8252599850
8252599856
8252599861
8252599867
8252599872
8252599878
8252599884
8252599889
8252599895
8252599900
8252599906
8252599912
8252599917
8252599923
8252599929
8252599934
8252599940
8252599946
8252599951
8252599957